11
Rome
0
1023
883
1146
807
530
933
697
1181
919
1218
London
1146
340
296
0
798
631
689
925
785
236
1078
Amsterdam
1684
570
0
486
884
834
673
1180
801
208
1760
Paris
1422
479
486
0
1035
608
1032
1253
1204
294
1281
Prague
1340
1285
884
1035
0
693
322
350
776
903
2206
Zurich
899
1041
834
608
693
0
840
738
1183
651
1650
Berlin
1538
1135
673
1032
322
840
0
668
461
754
2305
Vienna
1157
1534
1180
1253
350
738
668
0
1125
1121
2387
Copenhagen
1931
1284
801
1204
776
1183
461
1125
0
915
2470
Brussels
1505
412
208
294
903
651
754
1121
915
0
1569
Madrid
1924
1738
1760
1281
2206
1650
2305
2387
2470
1569
0