 -0.536776006      -1.11083198      -6.74929619               1
  -2.21875191      -4.72499989E-02  -3.63351703               1
  -2.25488901       2.64499092      -1.22906196               1
  -5.50177097       2.38752294      -4.50237179               1
  -6.63402796     -0.541505992      -3.04337692               1
  -3.44344401      -1.86792397      -4.49855518               1
  -4.10257196       6.03695011      -5.71874714               1
  -5.49406385       1.36167395      -2.34100103               1
  -3.54693794       6.16174078      -2.23982000               1
  0.969528973       1.93309104      -2.78086901               1
  -5.98949480       6.10571003      -1.92820597               1
   1.16136098       5.44912386      -3.96400499               1
  -3.30551791      0.694441020      -1.76481497               1
  0.196715996       7.11548615      -5.26419592               1
   9.98699963E-02 -0.217061996      -3.27725506               1
   1.21644294      -1.03574002      -5.17159700               1
 -0.231907994       3.57037497      -4.06136513               1
  -2.37217212      -2.50207496      -6.46548605               1
  -2.32902098       4.20966196      -2.95565701               1
  -3.69461393       3.85435796      -4.80593300               1
  -5.66779089      -1.22995698      -5.02225494               1
  -5.75258398      0.739733994      -6.29756212               1
  -6.38919020       6.15638924      -5.91781807               1
 -0.898382008       6.20627117      -7.12391376               1
 -0.143874004       2.66733003      -6.34900808               1
  -1.58718097      0.902152002      -6.91130209               1
   2.30200007E-03   2.26937699     -0.637324989               1
  -2.69262004       3.11021209      -5.65396214               1
  -4.03873920       3.04833388      -7.09510994               1
  -2.31677699       1.22810698      -4.42346191               1
  -2.89967489      0.910093009      -6.15909386               1
  0.319020987      -1.30880594       5.72856379               4
  -2.21875191      -4.72499989E-02  -3.63351703               4
  0.900119007      -3.87301707      -2.59284711               4
  -2.25488901       2.64499092      -1.22906196               4
  0.499819994       1.07898200       1.39863205               4
 -0.104120001       1.98616195       3.54097891               4
  -4.26843596      -3.85989499       1.12540197               4
  -3.44344401      -1.86792397      -4.49855518               4
   3.07265592      -3.26001406      0.401924014               4
  -2.01350307      0.680845022       3.68782711               4
  -3.45020008      -3.48389101      -2.76087403               4
  -1.35537696      -4.70246887      -2.60620904               4
   2.73126698       1.62101197       1.60174406               4
   2.62719703       3.95380592       1.22583604               4
  -3.33403206      0.839974999       1.77563202               4
  -3.09442806      -2.78659701       4.29795599               4
  0.283881992      -1.24078798       2.02232003               4
  0.969528973       1.93309104      -2.78086901               4
  -3.30551791      0.694441020      -1.76481497               4
   9.98699963E-02 -0.217061996      -3.27725506               4
   1.21644294      -1.03574002      -5.17159700               4
 -0.231907994       3.57037497      -4.06136513               4
   4.58416080      -1.84763205      -2.58068490               4
   4.09696102      0.554165006       1.01190004E-02           4
   2.25648689      -2.53295398       2.44516993               4
  -1.77360404      -4.18218279       1.05327106               4
  -5.38216591     -0.178399995       2.40191889               4
  -1.15932703      -1.48901403       3.90221405               4
  -2.32902098       4.20966196      -2.95565701               4
   4.15150118      -1.24684894       3.13948703               4
  -1.64790201       5.02847815       1.09142601               4
  -2.86401510     -0.725300014       9.03800037E-03           4
 -0.906295002      -2.07325506      0.191916004               4
   2.22630405      -5.06752014     -0.886231005               4
   2.91675091      -1.30183303     -0.991864979               4
   3.05269790       2.32283401      -4.00945282               4
  -4.28953218      -2.47641897     -0.751402974               4
  -3.17379308       3.10803509      0.866703987               4
   1.20462596      0.756159008       5.13487720               4
   5.50861788     -0.861759007       1.28149998               4
   1.51127505      -4.14833498       4.00462103               4
  0.552690983       4.43911886       6.61500022E-02           4
  0.653645992      -1.74893606      -1.59245205               4
   3.05347490      0.675840020       3.72894311               4
   2.30200007E-03   2.26937699     -0.637324989               4
 -0.525865972      -5.05669594       3.00800705               4
  -2.31677699       1.22810698      -4.42346191               4
  0.319020987      -1.30880594       5.72856379               5
  -2.21875191      -4.72499989E-02  -3.63351703               5
  0.900119007      -3.87301707      -2.59284711               5
  -2.25488901       2.64499092      -1.22906196               5
  0.499819994       1.07898200       1.39863205               5
 -0.104120001       1.98616195       3.54097891               5
  -4.26843596      -3.85989499       1.12540197               5
  -3.44344401      -1.86792397      -4.49855518               5
   3.07265592      -3.26001406      0.401924014               5
  -2.01350307      0.680845022       3.68782711               5
  -3.45020008      -3.48389101      -2.76087403               5
  -1.35537696      -4.70246887      -2.60620904               5
   2.73126698       1.62101197       1.60174406               5
   2.62719703       3.95380592       1.22583604               5
  -3.33403206      0.839974999       1.77563202               5
  -3.09442806      -2.78659701       4.29795599               5
  0.283881992      -1.24078798       2.02232003               5
  0.969528973       1.93309104      -2.78086901               5
  -3.30551791      0.694441020      -1.76481497               5
   9.98699963E-02 -0.217061996      -3.27725506               5
   1.21644294      -1.03574002      -5.17159700               5
 -0.231907994       3.57037497      -4.06136513               5
   4.58416080      -1.84763205      -2.58068490               5
   4.09696102      0.554165006       1.01190004E-02           5
   2.25648689      -2.53295398       2.44516993               5
  -1.77360404      -4.18218279       1.05327106               5
  -5.38216591     -0.178399995       2.40191889               5
  -1.15932703      -1.48901403       3.90221405               5
  -2.32902098       4.20966196      -2.95565701               5
   4.15150118      -1.24684894       3.13948703               5
  -1.64790201       5.02847815       1.09142601               5
  -2.86401510     -0.725300014       9.03800037E-03           5
 -0.906295002      -2.07325506      0.191916004               5
   2.22630405      -5.06752014     -0.886231005               5
   2.91675091      -1.30183303     -0.991864979               5
   3.05269790       2.32283401      -4.00945282               5
  -4.28953218      -2.47641897     -0.751402974               5
  -3.17379308       3.10803509      0.866703987               5
   1.20462596      0.756159008       5.13487720               5
   5.50861788     -0.861759007       1.28149998               5
   1.51127505      -4.14833498       4.00462103               5
  0.552690983       4.43911886       6.61500022E-02           5
  0.653645992      -1.74893606      -1.59245205               5
   3.05347490      0.675840020       3.72894311               5
   2.30200007E-03   2.26937699     -0.637324989               5
 -0.525865972      -5.05669594       3.00800705               5
  -2.31677699       1.22810698      -4.42346191               5
  0.319020987      -1.30880594       5.72856379               6
  -2.21875191      -4.72499989E-02  -3.63351703               6
  0.900119007      -3.87301707      -2.59284711               6
  -2.25488901       2.64499092      -1.22906196               6
  0.499819994       1.07898200       1.39863205               6
 -0.104120001       1.98616195       3.54097891               6
  -4.26843596      -3.85989499       1.12540197               6
  -3.44344401      -1.86792397      -4.49855518               6
   3.07265592      -3.26001406      0.401924014               6
  -2.01350307      0.680845022       3.68782711               6
  -3.45020008      -3.48389101      -2.76087403               6
  -1.35537696      -4.70246887      -2.60620904               6
   2.73126698       1.62101197       1.60174406               6
   2.62719703       3.95380592       1.22583604               6
  -3.33403206      0.839974999       1.77563202               6
  -3.09442806      -2.78659701       4.29795599               6
  0.283881992      -1.24078798       2.02232003               6
  0.969528973       1.93309104      -2.78086901               6
  -3.30551791      0.694441020      -1.76481497               6
   9.98699963E-02 -0.217061996      -3.27725506               6
   1.21644294      -1.03574002      -5.17159700               6
 -0.231907994       3.57037497      -4.06136513               6
   4.58416080      -1.84763205      -2.58068490               6
   4.09696102      0.554165006       1.01190004E-02           6
   2.25648689      -2.53295398       2.44516993               6
  -1.77360404      -4.18218279       1.05327106               6
  -5.38216591     -0.178399995       2.40191889               6
  -1.15932703      -1.48901403       3.90221405               6
  -2.32902098       4.20966196      -2.95565701               6
   4.15150118      -1.24684894       3.13948703               6
  -1.64790201       5.02847815       1.09142601               6
  -2.86401510     -0.725300014       9.03800037E-03           6
 -0.906295002      -2.07325506      0.191916004               6
   2.22630405      -5.06752014     -0.886231005               6
   2.91675091      -1.30183303     -0.991864979               6
   3.05269790       2.32283401      -4.00945282               6
  -4.28953218      -2.47641897     -0.751402974               6
  -3.17379308       3.10803509      0.866703987               6
   1.20462596      0.756159008       5.13487720               6
   5.50861788     -0.861759007       1.28149998               6
   1.51127505      -4.14833498       4.00462103               6
  0.552690983       4.43911886       6.61500022E-02           6
  0.653645992      -1.74893606      -1.59245205               6
   3.05347490      0.675840020       3.72894311               6
   2.30200007E-03   2.26937699     -0.637324989               6
 -0.525865972      -5.05669594       3.00800705               6
  -2.31677699       1.22810698      -4.42346191               6
   3.06448889       5.25525093       3.09294391               7
   6.86967421       4.74523783       3.36574602               7
   6.12229919       5.66884184       1.27556396               7
  -1.04375696       4.08170414       6.66953516               7
   2.62719703       3.95380592       1.22583604               7
 -0.133182004       4.14963913       4.49389887               7
  -1.11168003       5.86114597       3.22315097               7
   4.58284998       4.44098186      -8.44210014E-02           7
   1.83355403       1.85340595       7.14978981               7
   1.93010795       5.04575014       5.08995295               7
   4.59738684       2.10416794       4.60808802               7
   3.25933194       3.38767195       6.10133219               7
   5.15408707       6.32414818       6.22366810               7
   7.18512821       6.22912979       5.11630678               7
   4.48204088       4.94580984       3.43363190               7
 -0.301789999       6.92095613       6.35475588               7
   4.04991293       6.56121302       5.22678709               7
   4.94568205       2.74001408       3.28931308               7
   5.82582617       4.07776499       4.20546103               7
  0.319020987      -1.30880594       5.72856379               8
  -2.21875191      -4.72499989E-02  -3.63351703               8
  0.900119007      -3.87301707      -2.59284711               8
  -2.25488901       2.64499092      -1.22906196               8
  0.499819994       1.07898200       1.39863205               8
 -0.104120001       1.98616195       3.54097891               8
  -4.26843596      -3.85989499       1.12540197               8
  -3.44344401      -1.86792397      -4.49855518               8
   3.07265592      -3.26001406      0.401924014               8
  -2.01350307      0.680845022       3.68782711               8
  -3.45020008      -3.48389101      -2.76087403               8
  -1.35537696      -4.70246887      -2.60620904               8
   2.73126698       1.62101197       1.60174406               8
   2.62719703       3.95380592       1.22583604               8
  -3.33403206      0.839974999       1.77563202               8
  -3.09442806      -2.78659701       4.29795599               8
  0.283881992      -1.24078798       2.02232003               8
  0.969528973       1.93309104      -2.78086901               8
  -3.30551791      0.694441020      -1.76481497               8
   9.98699963E-02 -0.217061996      -3.27725506               8
   1.21644294      -1.03574002      -5.17159700               8
 -0.231907994       3.57037497      -4.06136513               8
   4.58416080      -1.84763205      -2.58068490               8
   4.09696102      0.554165006       1.01190004E-02           8
   2.25648689      -2.53295398       2.44516993               8
  -1.77360404      -4.18218279       1.05327106               8
  -5.38216591     -0.178399995       2.40191889               8
  -1.15932703      -1.48901403       3.90221405               8
  -2.32902098       4.20966196      -2.95565701               8
   4.15150118      -1.24684894       3.13948703               8
  -1.64790201       5.02847815       1.09142601               8
  -2.86401510     -0.725300014       9.03800037E-03           8
 -0.906295002      -2.07325506      0.191916004               8
   2.22630405      -5.06752014     -0.886231005               8
   2.91675091      -1.30183303     -0.991864979               8
   3.05269790       2.32283401      -4.00945282               8
  -4.28953218      -2.47641897     -0.751402974               8
  -3.17379308       3.10803509      0.866703987               8
   1.20462596      0.756159008       5.13487720               8
   5.50861788     -0.861759007       1.28149998               8
   1.51127505      -4.14833498       4.00462103               8
  0.552690983       4.43911886       6.61500022E-02           8
  0.653645992      -1.74893606      -1.59245205               8
   3.05347490      0.675840020       3.72894311               8
   2.30200007E-03   2.26937699     -0.637324989               8
 -0.525865972      -5.05669594       3.00800705               8
  -2.31677699       1.22810698      -4.42346191               8
  0.319020987      -1.30880594       5.72856379               9
  -2.21875191      -4.72499989E-02  -3.63351703               9
  0.900119007      -3.87301707      -2.59284711               9
  -2.25488901       2.64499092      -1.22906196               9
  0.499819994       1.07898200       1.39863205               9
 -0.104120001       1.98616195       3.54097891               9
  -4.26843596      -3.85989499       1.12540197               9
  -3.44344401      -1.86792397      -4.49855518               9
   3.07265592      -3.26001406      0.401924014               9
  -2.01350307      0.680845022       3.68782711               9
  -3.45020008      -3.48389101      -2.76087403               9
  -1.35537696      -4.70246887      -2.60620904               9
   2.73126698       1.62101197       1.60174406               9
   2.62719703       3.95380592       1.22583604               9
  -3.33403206      0.839974999       1.77563202               9
  -3.09442806      -2.78659701       4.29795599               9
  0.283881992      -1.24078798       2.02232003               9
  0.969528973       1.93309104      -2.78086901               9
  -3.30551791      0.694441020      -1.76481497               9
   9.98699963E-02 -0.217061996      -3.27725506               9
   1.21644294      -1.03574002      -5.17159700               9
 -0.231907994       3.57037497      -4.06136513               9
   4.58416080      -1.84763205      -2.58068490               9
   4.09696102      0.554165006       1.01190004E-02           9
   2.25648689      -2.53295398       2.44516993               9
  -1.77360404      -4.18218279       1.05327106               9
  -5.38216591     -0.178399995       2.40191889               9
  -1.15932703      -1.48901403       3.90221405               9
  -2.32902098       4.20966196      -2.95565701               9
   4.15150118      -1.24684894       3.13948703               9
  -1.64790201       5.02847815       1.09142601               9
  -2.86401510     -0.725300014       9.03800037E-03           9
 -0.906295002      -2.07325506      0.191916004               9
   2.22630405      -5.06752014     -0.886231005               9
   2.91675091      -1.30183303     -0.991864979               9
   3.05269790       2.32283401      -4.00945282               9
  -4.28953218      -2.47641897     -0.751402974               9
  -3.17379308       3.10803509      0.866703987               9
   1.20462596      0.756159008       5.13487720               9
   5.50861788     -0.861759007       1.28149998               9
   1.51127505      -4.14833498       4.00462103               9
  0.552690983       4.43911886       6.61500022E-02           9
  0.653645992      -1.74893606      -1.59245205               9
   3.05347490      0.675840020       3.72894311               9
   2.30200007E-03   2.26937699     -0.637324989               9
 -0.525865972      -5.05669594       3.00800705               9
  -2.31677699       1.22810698      -4.42346191               9
  0.319020987      -1.30880594       5.72856379              10
  -2.21875191      -4.72499989E-02  -3.63351703              10
  0.900119007      -3.87301707      -2.59284711              10
  -2.25488901       2.64499092      -1.22906196              10
  0.499819994       1.07898200       1.39863205              10
 -0.104120001       1.98616195       3.54097891              10
  -4.26843596      -3.85989499       1.12540197              10
  -3.44344401      -1.86792397      -4.49855518              10
   3.07265592      -3.26001406      0.401924014              10
  -2.01350307      0.680845022       3.68782711              10
  -3.45020008      -3.48389101      -2.76087403              10
  -1.35537696      -4.70246887      -2.60620904              10
   2.73126698       1.62101197       1.60174406              10
   2.62719703       3.95380592       1.22583604              10
  -3.33403206      0.839974999       1.77563202              10
  -3.09442806      -2.78659701       4.29795599              10
  0.283881992      -1.24078798       2.02232003              10
  0.969528973       1.93309104      -2.78086901              10
  -3.30551791      0.694441020      -1.76481497              10
   9.98699963E-02 -0.217061996      -3.27725506              10
   1.21644294      -1.03574002      -5.17159700              10
 -0.231907994       3.57037497      -4.06136513              10
   4.58416080      -1.84763205      -2.58068490              10
   4.09696102      0.554165006       1.01190004E-02          10
   2.25648689      -2.53295398       2.44516993              10
  -1.77360404      -4.18218279       1.05327106              10
  -5.38216591     -0.178399995       2.40191889              10
  -1.15932703      -1.48901403       3.90221405              10
  -2.32902098       4.20966196      -2.95565701              10
   4.15150118      -1.24684894       3.13948703              10
  -1.64790201       5.02847815       1.09142601              10
  -2.86401510     -0.725300014       9.03800037E-03          10
 -0.906295002      -2.07325506      0.191916004              10
   2.22630405      -5.06752014     -0.886231005              10
   2.91675091      -1.30183303     -0.991864979              10
   3.05269790       2.32283401      -4.00945282              10
  -4.28953218      -2.47641897     -0.751402974              10
  -3.17379308       3.10803509      0.866703987              10
   1.20462596      0.756159008       5.13487720              10
   5.50861788     -0.861759007       1.28149998              10
   1.51127505      -4.14833498       4.00462103              10
  0.552690983       4.43911886       6.61500022E-02          10
  0.653645992      -1.74893606      -1.59245205              10
   3.05347490      0.675840020       3.72894311              10
   2.30200007E-03   2.26937699     -0.637324989              10
 -0.525865972      -5.05669594       3.00800705              10
  -2.31677699       1.22810698      -4.42346191              10
   2.84958005      0.636824012      -5.72833204               0
  -1.48667204      -5.91210222     -0.570083976               0
  -6.93523407     -0.232111007      0.655116022               0
  -5.95074415      -5.47770405      0.604668975               0
  -6.49019003       4.80774117       6.71032906               0
   6.64703512       1.10111797      -7.08346510               0
   4.22948885      -6.70154810      -5.32285309               0
  -2.92749500      -5.63971186       6.57551622               0
   5.23429298      -2.33860111      -6.28511810               0
   4.97506809      -4.96358204       5.52095413               0
  -6.90508318      -2.79429412       4.38834906               0
   7.15626383       5.57653522      -3.83288598               0
  -4.24591112      -6.70862103       3.42865610               0
  -7.05395412      -2.77383494      -6.11806679               0
   5.54812908      -6.35241795      -7.27618408               0
   6.18933392      -3.15427494      -1.38559401               0
  -3.90382910      -2.00811005       6.37896109               0
  -1.47345698      -5.98546219      -4.55789900               0
   6.96004295       3.33019495      -4.43346500               0
   4.10756922      -3.20719695      -4.42461395               0
   1.40687704       5.96476316      -1.59912395               0
  -3.20951700       6.16793680       4.54503918               0
   6.06215620      -5.43392992      -1.95441103               0
   6.82218885      -4.89944792       4.03218317               0
  -5.05956316      -5.18561888      -3.42062593               0
  -2.84395003       6.82593918      -8.53390023E-02           0
  -5.91922522      -3.15678000       6.49483204               0
   5.42325592      -5.08422279      -4.12016582               0
   3.80883288       6.06583405      -1.67138600               0
   2.03418112      -6.51074791      -6.40445423               0
   4.30555820      -2.83223891       6.25815296               0
   5.70059013      -1.55888295       4.82973289               0
   1.77890098      -3.30356503      -4.75404215               0
   5.08752823      -8.27590004E-02  -5.83196211               0
  -4.76659107      0.231551006       6.19657516               0
  -5.95032120       3.19211411       3.35864997               0
  -6.83407402      -6.29705286      -6.54704714               0
   6.33763123      0.668192029       5.27744389               0
   4.48633909       4.54819584      -6.99413586               0
   4.97779989      -6.81949902       1.28445601               0
  -6.81284380       1.91834998     -0.379435986               0
  -3.55589795      -6.96483088      -4.09151506               0
  0.533147991      -7.08080912       2.19183207               0
   4.23524284      -6.39728212     -0.892449021               0
  -4.72526979       4.39577484       4.97531891               0
   6.52693319       3.40149403      -6.75680304               0
   2.97995305      -7.13003302       2.56617308               0
   5.47311306       2.36917901     -0.870016992               0
   3.08853698      -5.85397196       4.47297907               0
   3.24559999       4.56191921      -4.89843798               0
  -3.04586911       6.70268297       6.88726616               0
  -6.94867086      -4.73534489      -4.85619593               0
  -6.18395996      -6.43594217       4.70792484               0
  -2.59859610      -5.13081312       4.27078295               0
   1.03827000      -4.37303877      -6.74979782               0
  -4.78988504       7.21365309       1.24183702               0
  -6.33570623      -6.14854717      -1.65138602               0
  -6.51525402      -1.82550800      -1.10845697               0
  -6.28834295       5.54962921      0.395063996               0
   5.38447094      -3.19282103      0.768867016               0
   1.92793798      -7.27886915       5.93240976               0
   4.76015711       6.03139210      -3.86342311               0
  -3.21572495       3.35617900       6.30840397               0
  -2.76045394       1.21789896       5.75083303               0
   1.87199903      -3.03426290       6.06186819               0
   6.51787281      -5.06067705       1.72721004               0
  0.667488992      -6.76271820     -0.229323000               0
   5.76492023      -8.17300007E-02  -3.57650304               0
  -5.28779078      -5.37741804       6.60099792               0
  -6.16259384      0.969466984       4.31476116               0
  -1.40157104      -4.63484001      -6.52159595               0
  -4.98413610      -2.43163204       2.92988396               0
   5.28019285       2.14515209      -3.18065405               0
  -5.51270485       3.41157603       1.00531805               0
  0.596154988      -6.68047094       5.48637009               0
