   9.80908925E-45   2.74936660E+11  -8.07793663E-28
   9.80908925E-45   2.74936660E+11  -8.07793663E-28
   9.80908925E-45   2.74936660E+11  -8.07793663E-28
   9.80908925E-45   2.74936660E+11  -8.07793663E-28
   9.80908925E-45   2.74936660E+11  -8.07793663E-28
   9.80908925E-45   2.74936660E+11  -8.07793663E-28
   9.80908925E-45   2.74936660E+11  -8.07793663E-28
   9.80908925E-45   2.74936660E+11  -8.07793663E-28
   9.80908925E-45   2.74936660E+11  -8.07793663E-28
   9.80908925E-45   2.74936660E+11  -8.07793663E-28
