   8.38545895     -0.340602994       3.58822298               1
   7.54217815       4.35337687       9.54545403               1
   9.44339561      0.750169992       7.92843103               1
   10.6438360       2.76232600       8.15093899               1
   7.30298710      -3.17893600       6.05628920               1
   9.69090939      -3.21409011       6.55546379               1
   8.31976986       3.24690390       4.26447201               1
   6.98317003      -1.72232699       9.85080814               1
   5.49137878      0.254339010       6.18909693               1
   5.82494593       2.32931399       7.23682022               1
   6.73276615       3.88559794       5.81829882               1
   13.0232515       2.44259095       8.05732155               1
   6.49947405       2.25816393       9.53466320               1
   11.9477768      -1.27014804       4.12343979               1
   10.5313005       2.31897998       4.62224197               1
   12.7457581     -0.810747981       6.31154203               1
   10.6991930      -1.22399402       7.54361200               1
   5.00615406      0.388175011       3.90086603               1
   6.98002291       1.49032998       3.08049703               1
   9.84127522       4.07464123       9.93773556               1
   10.5756979      0.410719007       3.31736708               1
   7.96223402      0.425330997       9.69764042               1
   7.27113724       5.48351812       7.47542810               1
   7.43713379     -0.906033993       5.65422916               1
   5.91691017      -2.72919011       7.95759487               1
   9.49881744      0.453045994       11.4892254               1
   8.63236523       1.23467696       6.73140907               1
   11.6215830       4.68661404       7.44060183               1
   9.96060085       3.44422412       6.97331095               1
   10.7010088       1.64879096       5.96758413               1
   8.37950993     -0.798690975       6.79996586               1
   4.34301901       1.55561399       8.50965786               1
   4.59826899       3.23501492       7.30997419               1
  -10.0321436       5.21263409      -2.46858597               2
  -13.0573311       2.85523796      -2.69836307               2
  -12.2404337       9.19284534      -5.47509193               2
  -12.8493719       5.53705788      -7.03786516               2
  -10.2794523       8.64785004       1.09114504               2
  -12.4259605       5.11179304      -2.54385400               2
  -9.17223740       3.27413893      -1.41730702               2
  -9.11278439       7.38997078      -2.01669693               2
  -10.1314583       8.07071877      -5.86497021               2
  -8.73849010       8.55915070      -3.99664497               2
  -9.73366165       4.59790897      -4.71957207               2
  -11.3705311       8.06207371      -2.08701611               2
  -9.71749878       10.7198639      -3.51608610               2
  -13.8194780       6.90074301      -3.28643799               2
  -10.5542097       5.80617905      -6.54409885               2
  -11.7775011       4.67231798      0.635134995               2
  -11.7720060       7.08701897       5.83270006E-02           2
  -8.19266033       8.34339237      -2.67319996E-02           2
  -13.6237450       7.29640818      -5.61305523               2
  -12.0711803       10.0282249      -3.21279001               2
  -13.1217108       5.40853691      -1.21338701               2
  -11.4244022       7.24950886      -3.38942099               2
  -11.8841982       3.94623303     -0.713298976               2
   1.85883403       13.0019808       13.4449110               3
 -0.242847994       6.36590481       10.7503662               3
   1.92953002       7.07645512       9.63568974               3
  -2.28373194       7.48637581       11.5282679               3
   1.41306400       10.8325434       12.4131737               3
   4.23379987E-02   5.52102995       12.9328499               3
  -3.07506108       8.53240108       13.6937876               3
  -3.68077302       5.53078985       11.8504276               3
   2.90656590       10.4687595       10.6294117               3
   4.61574078       9.02839375       11.4271545               3
 -0.538388014       11.5858011       11.4156237               3
   3.18255305       7.22096014       11.6661720               3
   1.77249706       9.32963943       8.86642456               3
  -2.05888104       11.9776087       13.1259394               3
  -3.07071996       8.93584061       9.84178543               3
  -1.90454304       10.9626427       9.67240906               3
  -2.94271302       12.0364304       9.94340992               3
   1.01905203       7.24978590       7.51853704               3
  0.287607998       9.53016281       9.13996983               3
  0.671536982       11.4214516       8.24163437               3
  -1.41119599       13.2108831       13.7621832               3
   2.16947794       7.52746201       12.7582922               3
 -0.678617001      -2.77341104      -5.11299276               4
  0.368178993      -3.65766001      -1.75515604               4
  0.966714025      -2.20029902      -3.47743392               4
  -2.38379097      -4.67635489      -4.62453890               4
   1.51581502      -8.70445728      -7.29246902               4
  -2.45694494      -8.49485874      -3.65344810               4
   2.11229110      -5.39678907      -5.89735985               4
  -2.96134210      -5.45310688      -8.10155487               4
   3.05935001      -6.95255709      -7.41445112               4
  -1.34564304     -0.529715002      -5.67699623               4
   1.82101595      -2.22585893      -8.27538395               4
   2.10743690      -3.96673608      -9.92940807               4
  -1.56476402      -7.17393780      -7.32732487               4
   2.25565600      -8.85993290      -3.67135310               4
   1.00972402      -6.82276678      -4.29318190               4
  -1.62683403      -4.49761105     -0.901850998               4
  -1.31843197      -6.82632208      -4.91311598               4
  -3.37624598      -4.20465899      -2.50186896               4
 -0.192313001      -4.30547094      -10.3026924               4
   3.36475110      -2.61840892      -3.35892797               4
   1.52376902      -5.57072401      -2.36092496               4
   4.08236980      -4.36871386      -4.87869692               4
  -1.37576401      -3.76672792      -8.36760616               4
  0.547801018      -3.70076799      -6.87532187               4
  -4.21469593      -5.30461502      -6.15139389               4
  0.518413007      -8.17486763      -6.28015709               4
  0.674896002      -7.14083004      -9.34858894               4
  0.668830991      -8.75042439      -8.53804970               4
 -0.211078003      -6.69120407      -7.80116177               4
   2.98020601      -5.22933388      -2.61608005               4
   2.53136992      -12.9698439       9.83294392               5
  0.929812014      -5.58044577       12.5075665               5
   1.99610305      -9.02498436       11.2677746               5
   2.79795504      -7.33873606       8.01002121               5
  -4.83859491      -10.0381289       10.2983446               5
  -1.68442905      -8.30258179       12.0718250               5
  -3.59448695      -9.64670944       12.2391520               5
  -1.45118499      -6.00864887       12.4602900               5
  0.221490994      -12.7740030       9.05647182               5
   2.33176303      -11.4117422       11.6575308               5
  -2.72719598      -11.5805626       13.1962280               5
 -0.218465000      -8.69644165       10.3095531               5
   2.53232598      -7.32741308       12.9219170               5
   8.73889998E-02  -9.74785995       7.05532980               5
 -0.863788009      -10.5859880       9.02070141               5
   3.65590692      -8.75810814       9.64431477               5
   1.27933896      -5.68958616       8.59369946               5
 -0.740374982      -6.80949593       8.86698723               5
 -0.525265992      -13.8304167       10.9767838               5
  -1.12659597      -7.75568199       6.74757719               5
   2.23826790      -9.12760639       6.48981619               5
  0.679008007      -12.7297497       12.7185411               5
  -3.26650500      -10.2144327       8.47929573               5
   4.52367020      -10.9923010       9.58491516               5
  -2.28739996E-02  -10.8814430       6.06062412               5
  -2.39699292      -12.3686237       11.9670763               5
  0.954885006      -8.64527512       13.5309906               5
  -2.02659702      -13.6224737       10.9800577               5
   3.16067505      -9.90990829       8.81892109               5
  -4.40033293       7.17857122      -12.4583426               6
  0.958931983       3.71244502      -8.78971863               6
  -1.22180402       6.03684807      -11.2622614               6
   2.43837810       5.46732283      -8.09094048               6
   2.25889397       6.25083494      -11.9638720               6
  -1.62669998E-02   3.96123910      -10.9540739               6
  -1.16304302       2.01541400      -11.6732044               6
  0.249325007       7.02422285      -12.9539452               6
   1.21446097       9.21493244      -13.5156164               6
   3.44075990       9.48864174      -12.7218380               6
   1.91339898       3.96127200      -12.2758780               6
   2.40306902       9.15832138      -9.28421497               6
  -1.22087300       7.56951523      -9.43859577               6
  -3.21063399       5.17972422      -12.2803707               6
  0.150395006       9.47641468      -9.83220387               6
   5.70099987E-03   10.4401817      -11.9714212               6
  -2.15623903       10.4176426      -12.8704538               6
   3.14867806       6.96963215      -9.80967712               6
   3.06260896       6.69347095      -13.1542959               6
   3.99681807       8.17679405      -12.2033215               6
   4.67293692       6.30370903      -11.9236898               6
 -0.729694009       11.4638548       7.63289595               7
  -1.23726594       9.31756783       6.39366579               7
  -5.04157209       13.3478851       10.5358381               7
  -2.28373194       7.48637581       11.5282679               7
  -3.83907509       13.7241812       8.47980690               7
  -4.25533295       12.7696352       12.7358418               7
  -5.65160179       11.2094469       9.77943420               7
  -3.20839190       8.65509224       7.50630999               7
  -5.02797699       9.98916912       6.80170822               7
  -5.81009388       11.3224592       13.8292637               7
  -5.22901917       9.21246338       12.8415499               7
 -0.538388014       11.5858011       11.4156237               7
  -2.05888104       11.9776087       13.1259394               7
 -0.241892993       13.8490009       7.00778008               7
  -5.33650208       9.03023148       10.4638891               7
  -3.07071996       8.93584061       9.84178543               7
  -1.90454304       10.9626427       9.67240906               7
  -4.90963984       12.3019142       6.90108585               7
  -6.76522779       11.4225664       8.77046490               7
  -6.16273689       9.56560898       7.71277618               7
  -7.49917316       10.2445955       10.7576056               7
  -2.94271302       12.0364304       9.94340992               7
  -3.83827496       12.3766813       5.84472513               7
  0.287607998       9.53016281       9.13996983               7
  0.671536982       11.4214516       8.24163437               7
  -2.33179808       13.5915861       8.42346859               7
  -1.41119599       13.2108831       13.7621832               7
  -4.46213484       11.0955153       8.87280178               7
  -1.49354506       5.35999393       7.37281084               8
 -0.242847994       6.36590481       10.7503662               8
  0.263900995       1.86027801       12.4175501               8
  -3.49996400       1.19096303       12.7644806               8
   3.83366704      -8.15000013E-02   11.3065176               8
   1.92953002       7.07645512       9.63568974               8
   1.99115705      0.204273000       12.7907944               8
  -7.19920024E-02   1.84972095       6.36850595               8
   4.23379987E-02   5.52102995       12.9328499               8
   2.92594290       3.97808290       9.39445114               8
  0.499226987      -1.17472804       8.85443020               8
  -3.58570910       4.19096708       9.97351456               8
   2.70357490     -0.335750997       9.17700958               8
  -1.25502098       4.52349710       9.57674885               8
  -3.68077302       5.53078985       11.8504276               8
  -1.59655595       3.54609704       5.91422176               8
   2.25849390       2.49441695       6.12040091               8
   3.45059800       3.66935611       11.6890125               8
   1.54388201       3.70975995       13.1096907               8
  -3.98082495       1.88744700       10.4970551               8
  -2.13523889       4.58144522       13.4035587               8
 -0.745247006      0.821528971       8.46966839               8
 -0.243715003       2.39817905       10.1402426               8
  -1.66370404       2.27273011       13.7106304               8
   2.87822795       1.83871496       8.32384109               8
  -3.07141709      0.517141998       8.74590015               8
   4.34301901       1.55561399       8.50965786               8
   1.21536696       2.48986912       9.80393887               8
   1.46558499       4.38993692       9.29955578               8
 -0.678617001      -2.77341104      -5.11299276               9
  0.368178993      -3.65766001      -1.75515604               9
  0.966714025      -2.20029902      -3.47743392               9
  -2.38379097      -4.67635489      -4.62453890               9
  -2.45694494      -8.49485874      -3.65344810               9
   2.11229110      -5.39678907      -5.89735985               9
  -3.99920893      -1.83220994      -3.07555294               9
  -2.96134210      -5.45310688      -8.10155487               9
   3.05935001      -6.95255709      -7.41445112               9
   1.31895101      -6.84429598     -0.447490990               9
  -1.34564304     -0.529715002      -5.67699623               9
   1.82101595      -2.22585893      -8.27538395               9
  -1.56476402      -7.17393780      -7.32732487               9
   1.00972402      -6.82276678      -4.29318190               9
  -1.62683403      -4.49761105     -0.901850998               9
  -1.31843197      -6.82632208      -4.91311598               9
  -3.37624598      -4.20465899      -2.50186896               9
   3.36475110      -2.61840892      -3.35892797               9
   1.52376902      -5.57072401      -2.36092496               9
   4.08236980      -4.36871386      -4.87869692               9
  0.877803981       5.19730002E-02  -2.67993402               9
  -1.37576401      -3.76672792      -8.36760616               9
  0.547801018      -3.70076799      -6.87532187               9
  -4.21469593      -5.30461502      -6.15139389               9
  0.518413007      -8.17486763      -6.28015709               9
 -0.211078003      -6.69120407      -7.80116177               9
   2.98020601      -5.22933388      -2.61608005               9
  -3.60045195       5.06815290      0.538374007              10
   3.71631002       3.31738997       2.63383508              10
  -1.81496704       9.39371109     -0.144071996              10
   1.44755697       10.2189751       1.22254205              10
   1.88877904       7.52544785      -2.14190507              10
  -1.75576305       9.46218300       4.05160379              10
   1.44076800       4.32354212     -0.279150993              10
   1.90878797       7.80184793       4.05842018              10
 -0.689104974       2.63654590       1.87690902              10
  -1.40902996       6.45128822      -1.80144405              10
  -1.59655595       3.54609704       5.91422176              10
  0.924230993       5.88323116       4.85016584              10
   1.41475296       8.10934544      0.159724995              10
  -3.13762999       7.57828903       3.31583905              10
 -0.791756988       7.34608412      0.310092986              10
  0.598644972       9.65009022       3.39497089              10
   2.69338107       7.20670605       1.96111798              10
   2.19436312       4.93441916       1.83080995              10
  -2.28412700       3.14034700      -8.94299988E-03          10
  -1.88762903       6.08866978       1.97045600              10
   2.86867905       4.87059498       5.87713289              10
 -0.146619007       7.10345984       6.56857586              10
   1.48430001E-02   4.80932617       2.83944988              10
  -3.24289985E-02   4.57193613      -4.00729999E-02          10
   1.45852900       2.81768608     -0.431688994              10
  -1.19222105       4.10619497       4.56707716              10
   4.15693283       6.77479696      0.252543986              10
   4.06307507       7.84239578       2.08447909              10
   6.27028084      -7.46818781       12.1013527               0
   2.04596901      -8.94624233      -1.25107801               0
   8.36258888      -6.10031891       4.04773712               0
 -0.222927004       7.83700030E-03   4.87312984               0
   7.49529886      -13.6292534      -9.80136395               0
   9.94841003       4.91948318       1.68712401               0
   13.1389036      -11.5488567       12.8745298               0
  -9.52321243      -11.9156981       5.11398220               0
  -4.11705589       13.7382450      -3.99995089               0
  -5.60170889       11.7310276      -11.4399338               0
   4.65409708     -0.939966977      0.363934010               0
  -7.85205698      -6.34159994       6.75596094               0
  -4.34298277       4.90737486      -6.71818781               0
  -10.3628960       2.30573511      -4.86324883               0
   5.72274399       8.90380192       6.56836510               0
   11.2632084       9.70651531       8.11469364               0
  0.251457989       10.2261229      -6.31724024               0
   12.9854031       8.68892193      -13.2530298               0
   4.23442602      -12.0231886       8.52887726               0
  -9.55619431       1.47745502      -6.89062977               0
   11.2588511      -4.27874899      -11.9507933               0
  -6.29371691       1.72390103       10.0386028               0
   3.61659789       8.87857246       5.36865807               0
  -11.2124462     -0.723546982      -9.85690880               0
   1.69908404      -4.41217279       10.5469961               0
  -7.97812510     -0.104732998      -6.28310299               0
   6.13351679       5.84261990      -1.49872005               0
  -9.84643936       12.0879145      -10.9073191               0
   11.7109098       12.2361574       13.5027094               0
  -6.34910202      -2.29308701       2.49714088               0
  -6.50708914       9.83483887      -10.1750917               0
   5.57707787      -7.61227798      -3.03078008               0
   3.57504892      -1.46985400      -11.8433208               0
  -11.5901413      -9.08236313       13.1470861               0
  -5.14182806       7.84274101      -10.2946243               0
  -3.43678904      -8.19306660       6.94488382               0
   4.52722311     -0.750458002      -9.78195763               0
   4.32833719      -12.0088291       2.93364596               0
  -11.2264147      0.589443982       8.55684757               0
  -10.2935753     -0.204968005      -11.9362898               0
   11.4261169       11.7889128      -6.46397114               0
   6.21780109      -9.21423912       4.88713884               0
   2.85124803      -3.91770411       5.23101616               0
  -1.08725703       6.41659117      -7.35363293               0
 -0.970079005       13.3865929      -5.54987097               0
   5.01354980      -11.3148146      -5.10090017               0
   6.40732479      0.337987989      -13.2278452               0
  -6.35596514       3.69315100      -10.1794577               0
  -11.3042850      -12.1432896      -6.58963490               0
   5.98976088      -12.2544489       1.29948199               0
   1.80544198      -13.0211124       5.77563810               0
   13.2541437      -7.91243505       4.85589218               0
  -6.59759903      -7.97804785       4.12809896               0
   13.7535372       11.9488411       4.04021311               0
  -6.54909277       12.8473511      -8.22806835               0
  -3.53785801      -12.1810827      -10.1855392               0
  -12.2513676       10.4600830       12.0810413               0
   5.37466383      -4.58698702      -8.59373379               0
   1.13418400      0.995450020       1.22522902               0
   10.8597097       8.90905952      -1.74044502               0
   10.2196999       1.87426400      -5.22966480               0
   2.17846489       1.29833901      -6.08015203               0
   4.19352818      -12.3725071      -1.88475299               0
   12.3818913       8.78444099      -8.65204716               0
   12.6609554      -12.7628994       9.13684654               0
  -13.2506132      -9.80012798      -4.49366808               0
   7.12210083       5.66393089      -9.72505569               0
   11.1937218      -11.9817610      -2.59636998               0
  -11.8447418      -2.59072709      -2.14820001E-02           0
   11.1011934      -8.05875874      -9.58450794               0
  -9.28989697     -0.333247989      -1.56851900               0
  -11.8675642       6.33775377       3.54989910               0
   3.33099508      -12.5007410      -4.05332899               0
   1.80235100       6.59442997      -6.01868010               0
 -0.728848994       11.0765066      -8.33119583               0
  -7.32261276       10.5371532     -0.368151993               0
  -7.75567389     -0.949750006      -9.64003372               0
   6.25666523       13.3639593      0.239545003               0
  -10.6404781      -7.40486383      -2.63566804               0
  -7.06999397      0.691281021      -4.30088282               0
   5.76760006       11.0425797      -10.0389309               0
  -7.04370499     -0.304057986     -0.839424014               0
   4.36690092      -6.92297888      -11.3551941               0
  -10.6268549      -2.06965804      -4.44879198               0
  -5.24672079      -7.59060717      -6.05429316               0
 -0.804825008       3.98538089      -7.30616999               0
  -4.84089184      -8.35117531      -3.85535002               0
  -1.01461804      -10.8656807      -6.74298477               0
   3.67386198       8.51665401      -3.30262494               0
  -13.1451006      0.589115977       2.38063502               0
   12.5667133       11.3042498       2.01588106               0
 -0.101660997       13.3045416      -8.85398865               0
  -12.3050442      -10.4582920       2.50086808               0
   6.70675611       8.97677612      -10.3587427               0
   10.8288918     -0.247997001      -6.03706121               0
   6.59014893       10.5469322       3.08950996               0
   4.73782682       12.0089140      -3.32815194               0
  -8.76969528      -6.29446793       12.3839197               0
  -5.26924706      -1.86853695      -13.7802420               0
   2.21189690       13.4526720      -8.57210064               0
   4.60733700      -10.0794268      -13.2015047               0
  -4.78132486       8.41185665       1.77756906               0
  -9.55932617      -11.9614277      -10.1889200               0
  -6.70699978      -6.11162806      -9.77551174               0
   13.6328573       13.7755146       13.0085716               0
   11.1639147      -10.1124468      0.934692025               0
  -13.5304499      -8.86434078      -9.01554203               0
  -10.3699303      -5.87656116      -10.6650753               0
   6.99824619       1.87759399      0.762499988               0
  -2.07265401      -5.52581501      -13.0611744               0
  -11.8673477       1.36667299      -12.7628117               0
  -3.64805889     -0.695044994      -5.14126921               0
   4.91185904      -11.5131092      -11.3306694               0
  -3.85164595      -13.2704859      -13.4067945               0
  -6.43485117       7.30172396       9.08249760               0
   3.49071193      -10.5188503      -9.73147964               0
   9.63443756      -5.98834515      -12.1583681               0
   6.75506115     -0.344565004      -2.78538704               0
   9.05117416       7.54090405       4.71569014               0
   9.15863228       6.76677418       6.93138123               0
   6.99854612      -13.0494947       10.4021282               0
  -13.6230211       10.2643414      0.512874007               0
   7.53214502      -8.37185001       6.73922110               0
  0.828755021      -3.27786994       2.11362410               0
  -13.3197966       12.3168659       7.61410904               0
  -5.16578817       4.13288116       4.80065393               0
  -8.35683632      -3.48068810      -12.2720718               0
  -8.60546780      -13.7259693      -11.4392691               0
   7.50738001      -5.50934315      -8.24995041               0
   4.11143684       13.7557068       13.6070557               0
   13.2922220       1.71585500      0.750451028               0
   8.17872047       9.03144264       10.0264597               0
  -13.1782751      -3.68725801      -9.18663502               0
  -13.3760529       9.96846390      -9.17357063               0
   1.35828102      -10.9146204      -6.63696098               0
  -13.4197588      -8.03320035E-02  -4.90182018               0
  -13.0832338       1.02643394      -1.15242004               0
  -6.62525797      -3.94011211     -0.971449018               0
   13.6877136      -6.03159285      -6.73132086               0
 -0.608301997      -11.2973938      -13.5743170               0
  -8.56118774       4.68948698       3.53035903               0
   5.74443817       12.1557198       12.9903574               0
   8.40475464       5.50160885       3.35575104               0
  -9.19903469      -12.3254251      -3.21119690               0
   13.0101738      -9.65569210     -0.439352006               0
  -8.01382446      -8.56675816       5.94160223               0
  -6.50303316      -13.8573828      -10.4259319               0
   7.87916088       2.54186511      -5.23952818               0
   10.8669538       10.8249645       6.08672523               0
  -6.93895817      -8.69073963     -0.724685013               0
  -10.9340973      -9.05136776     -0.915503979               0
  -3.63064098      -13.0764294      -8.05030537               0
  -9.01529503      -2.73916888       4.94302082               0
   9.47956371       9.14002419       11.9508972               0
   9.64852333     -0.684478998      -12.6702366               0
   4.85043383       4.50661802       4.36889601               0
   3.52632308      -5.82958078      -9.39289093               0
   8.11402225      -6.40229702      -10.3854465               0
  -2.59445405      -3.22253895       7.85151482               0
   6.65424824       10.9598408      -4.24790478               0
  0.725737989      -7.20826578       3.35949302               0
  -11.6750946      -12.8756237       5.44155788               0
  -4.57439518      -9.38155746       1.31245899               0
  -11.3090401       6.24472523       11.7547598               0
   10.8538818      -1.64538801      -9.54264927               0
   9.55837345       8.88726807      0.313418001               0
   10.9740582       1.05674696       1.08611298               0
   8.31099129       13.8098679      -6.34187412               0
   11.1370630      -3.58842802      -8.19079876               0
   8.33376122       5.13747883      -1.48603201               0
  -10.6217966       2.88942599       13.6862965               0
  -12.8317919       10.0991068       7.38898993               0
   3.29443097      -11.2243881       6.51032209               0
  -9.78006935      -2.23764491       12.3993835               0
  -13.4009819       4.34407711       8.78081131               0
  -2.70704198       1.91640103       2.99933791               0
   5.97313881      -9.18975353       10.3618135               0
  -7.77545881      -7.88983822      -8.72792912               0
   2.81805396       12.7880049      -10.7198143               0
   11.7559729      -4.34865618       13.4361801               0
   8.62038898       2.47094989      -10.6918297               0
   8.29250240      -2.36794305       2.42045903               0
  -8.60952187      -10.3875160       1.93095398               0
  -10.9606934      -6.27166986       4.69664717               0
   12.2216864       8.47440147      -6.28032589               0
   5.35778522       12.6939459       6.35344410               0
  -6.77755690      -12.0847807       13.1429892               0
   10.7527304      -11.3858919      -8.21783924               0
  -8.75355434       10.0095329      -10.9542685               0
  -9.13099575     -0.417564988       8.87117004               0
   12.2555914       3.01478100       12.6900158               0
  -3.32687807       8.61783981      -8.97073555               0
   2.86339998      -3.65644693      -12.1472454               0
  -2.98489690       11.3282347       3.14938211               0
  -8.64836788       11.1240673       11.1792288               0
  -10.1776838       8.07145691       3.39745593               0
  -3.86213112       12.2724667     -0.426032990               0
  -5.96754313       4.93659115      0.975042999               0
   2.45194697       9.94576168      -7.05456591               0
  -7.72742987       13.6967354      -2.39420795               0
   11.6010056     -0.477146000       11.0130072               0
   3.00341105      -8.42138767      -12.6768723               0
  -8.57738113       7.75443983      -13.8095884               0
   5.47688723       2.72414589      -8.48348331               0
   1.80030799       1.53287899      -8.41604614               0
   5.15092278      -3.27965808      -6.67567682               0
   11.8562231      -7.61041117       9.66806221               0
   6.34770107       1.32799399      -6.73584890               0
   8.27903938      -4.79545784      -13.6716366               0
 -0.231609002       7.87471724      -3.26914501               0
   8.09160137      -9.80364132       3.51048708               0
  -13.3983231      -12.2872410      -9.62270546               0
   5.52897406      -4.79812288       8.94377518               0
  -1.12100004E-03  -11.3498716      -11.3034306               0
   5.38295317       3.28325796      -12.4922628               0
   2.56121612      -10.5183582       2.26068401               0
   11.0162573      -13.2273540      -9.71095371               0
   11.9369516      -9.18752480      -11.6192150               0
  -3.41875911      -1.69182205       9.47194767               0
   8.04832935      -11.8575125       2.28597903               0
   1.17593002       11.2408552      -2.53739309               0
  -7.79225397      -7.14405489      -13.3923302               0
  -10.3819456       11.4255199      -7.16333294               0
   12.7179232     -0.752390981      -10.7252502               0
   8.94450024E-02   1.32459998E-02  -11.5206842               0
  -6.76565123       7.14215612       1.45950305               0
  -8.96283245      -6.32563782       8.82445145               0
   10.8000813       1.95131302      -2.93976212               0
  -7.99006414       7.26649618       7.11856890               0
   11.9915819      -5.68653297       8.32803726               0
   6.23587799      -3.44600511       2.52740598               0
  -3.40965796       5.72348213      -4.70493507               0
  -11.3900280      -8.65533733      -8.14051628               0
   9.52552319      -4.26202679       3.23463297               0
   12.5237656      -6.63205814       13.4580803               0
   9.92138100       8.31481171      -5.82638407               0
  -9.46341801       12.3016949      -5.25800180               0
  -6.71649885       1.34619996E-02  -13.3302422               0
  -6.72751617       3.58808899       13.4127684               0
   4.39037323      -5.72032213       4.96800518               0
   13.4699230       12.7125540      -7.10469818               0
  -2.61520600      -3.55377102      0.996508002               0
  -1.16288996      -7.83487606       2.00644398               0
  -8.92732620      0.590143025       3.09837008               0
  -1.41880405       3.79140005E-02  -7.95458603               0
  -7.86760187      -10.8834658      -4.48230410               0
  -12.7997036      -2.94210100       3.89385605               0
   1.43744600      -2.56392193      -3.79879996E-02           0
  -9.03746128      -6.55001783       1.35238397               0
   6.12008190      -5.66695786      -4.32847500               0
  -5.19156885       10.4808512       2.79414892               0
   6.44720888      -13.7533875      -7.71090889               0
  -13.6004076      -11.5534487       5.91914511               0
  -10.6472387       11.8390188       2.98898602               0
  -2.26038694      -2.44736195       11.3709364               0
  -3.06711197     -0.378071010      -1.51939595               0
  -12.8609581      0.387975991       13.0725918               0
  -8.80321693      -9.83446121       10.6648502               0
   6.47569704       12.8037176      -11.4400692               0
  -11.4767895       10.1418104      -13.4106054               0
  -5.68080091      -3.58967900      -6.77195311               0
   9.96149254       10.7957039      -10.8577461               0
   12.0736523       10.7951689      -12.1959610               0
  -8.44572067       2.81555796      -10.9899731               0
  -7.54866982      -5.99896288       3.18944597               0
  -8.07024193      -13.7362766       4.45470619               0
  -10.2829294      -2.28114104      -13.0485048               0
   11.6822548      -10.8933086       3.07231593               0
   7.78789186       4.95054388      -5.33260012               0
  -4.25346088       12.4052668      -7.68757200               0
   13.1108437      -10.8036737      -8.25218105               0
   3.48446107       12.2438192       7.68149805               0
   4.99075413      -8.06449509      -6.69583702               0
 -0.890573978      -13.6401539      -2.20932102               0
  0.111271001      -13.5579157       1.96196699               0
  -8.57139397      -5.64537001      -5.26250315               0
   3.44782305       5.88533115       8.06645489               0
  -11.7833204      -5.32390785      -2.52071095               0
  0.165422007       1.06016600      -4.73202705               0
  -4.92648602      -5.50710201      -1.15840995               0
  -6.69057989       7.56071997       5.13335991               0
   3.82434893       1.48302603      -9.55968761               0
  -2.92098093      -4.70256710       11.2683802               0
  -11.4205608      -8.89272308       7.54932404               0
   9.19712543      -13.7240105       10.6613016               0
  -12.3238077       4.49825001      -10.8457079               0
  -11.6681032      -5.53281593      -12.7150612               0
  -12.6576252       10.9214535      -7.13165092               0
   10.8817558      -4.33399916       1.42460203               0
   8.59034920      -1.78473794      0.148487002               0
  -9.87332916       8.42022228      -9.66634655               0
   2.19292498      -6.33284521       1.68572199               0
   7.37696314      -2.49235010      -6.26956415               0
  -10.8112926      -13.6967802       10.9389229               0
   13.1843767       5.68698692       10.4534397               0
  -8.21118546      -5.71504688      -11.5942202               0
   9.56683064       13.1900082       12.9163828               0
   10.0802708       4.37243414      -7.87873507               0
  -4.15573883      -11.0662727       5.28934622               0
  -12.9012814       10.0286646       5.00587606               0
  -8.25051212     -0.413673013       12.5362244               0
   13.2626724       8.68175697       8.17009735               0
   10.1663637       3.46373510      -12.1650705               0
  -9.35087776       7.49557018       11.6635485               0
   8.85472298      -1.29214597       12.9819202               0
  -8.65519810       12.9443102       2.47476006               0
   5.21960402      -2.04115105       11.4857931               0
   9.04119492      -13.7890768       3.29914498               0
   6.09832621       5.73732090       2.65866089               0
  -12.8297815       12.9848814      -1.61949396               0
   1.44511294       4.78853798      -4.46067905               0
  -3.55064201       6.42375517       7.02680922               0
   9.08041191       6.27571392      -6.83689499               0
   12.2760639       6.59157324      -9.65697956               0
  -4.87300920       1.31947005      -4.88991117               0
   3.70970702       10.4133053      0.334490001               0
  -5.44477701     -0.323029011       3.39937401               0
  -1.97012699      -10.6737423      -4.53032923               0
  -10.5483913       3.24260592      -9.80185890               0
  -7.10021591       13.3944330       6.49961901               0
   4.31845903       4.33293104      -7.16627979               0
   1.75774097      -9.72633743      -11.1170969               0
   4.40524817      -7.88991690       3.99915910               0
   8.92840290      -10.4403057      -5.06852913               0
   12.4502468      -4.20576096      -1.99266505               0
  -6.06728220      -9.42245674      -9.50146770               0
  -8.40980434      -11.4593649      -8.21208000               0
  -5.44726086       10.4664316      -3.65718102               0
   13.6459351      -1.51273096       2.54381490               0
   10.9751196      -2.27326107       9.64806843               0
  -9.88558102      -9.83271027      -11.2832546               0
   11.1366663      -8.40763474       5.73092318               0
   13.6312780       4.04885006      0.959258020               0
  -3.17681789      -11.2188358       1.13013101               0
   10.5524006      -7.91202307       1.13851500               0
  -5.15680408       6.44449091      -3.26589203               0
  -12.4391098      -12.6930590       1.68746102               0
   1.55333602      -11.0435066      -4.31369877               0
   11.3878965       11.3991137       9.69019985               0
  -3.56481600      -2.48198795       5.74199390               0
   10.7543468     -0.880291998     -0.242991999               0
  -13.5854502      -8.46121502      -11.3135023               0
  -7.01994085       9.64608288      -7.79217196               0
   4.78501320       2.91118789      0.451896012               0
  -4.91634703      -3.18021297      -11.8435249               0
   5.65090609       6.86196423      0.561417997               0
   8.63799974E-02  -2.54497004       10.7164602               0
  -3.39713693      -1.71739697      -10.8597593               0
   4.61935616       5.53249693       12.3944063               0
  -11.3240490      -12.8133774      -8.83337212               0
   8.52024078      -11.8042488      -12.6266546               0
  -7.99601221       3.18148088      -7.27284288               0
   6.22676802       7.81844616       10.1853762               0
  -9.49059868       10.4997110       6.79153490               0
   13.2287607      -2.69170499      -7.41317892               0
  -5.25179577       1.94442403      -13.5037785               0
  -10.4313364       7.29122686       7.78583097               0
  -6.90631485      -12.8857546     -0.501213014               0
   7.24499702      -9.52171993      -9.65587997               0
   9.94575119      -12.2432194      -6.15852308               0
  -9.35480881      -2.42604804      -2.58899999               0
   12.3534660      -8.66746902      -4.04854918               0
   13.1017752      -6.29486990       3.13721108               0
  -10.7869530       12.5437679     -0.537473023               0
   10.1048012      -10.2399530       4.69055796               0
  -4.09794903      -11.7426367      -4.63889313               0
   5.83980894       7.68123007      -2.92087603               0
  -12.4183521      -6.27443600       10.8844957               0
   9.42041016       6.51655912       9.53160003E-02           0
  -8.74997044       6.38320923      -10.0116272               0
  -11.8466148      -7.01200104      -6.52738619               0
   10.8831444       9.10457134       4.37215090               0
   6.86756706       8.89419079      -12.7672997               0
   5.16573381      -11.3522129       5.06119108               0
  -9.16532040      -2.08441305      -6.29653597               0
  -8.87598705       13.0490561       9.91589355               0
  -8.33420658       4.95122719       6.97134399               0
   9.53681374      -12.9783115      -1.34524703               0
  -12.6612968      -13.6620665      -3.70601892               0
   13.0513954      -5.03437424      -10.5612164               0
  -11.2718229      -6.78626394       8.69881535               0
  -1.35625005      -3.24991608       2.96203494               0
  -5.74713898      -11.5294495      -10.7255144               0
   10.4503069      -1.75729895      -4.21109200               0
   10.6826363       12.1488705      -4.24314117               0
  -3.52641106       2.46321106       5.20224619               0
   6.56278992      -12.1838236       8.26009941               0
  -5.47106504      -6.71554518      -13.6817236               0
  -10.2272596      -10.1932383       3.64401293               0
   6.55718088      -1.76672196       13.4504833               0
   7.37027216      -7.99175310      -1.56350994               0
  -13.3271179      -11.1773911       9.62761211               0
   8.77780247       6.49100685      -11.2527351               0
   6.51485300      -13.0120029       6.10370302               0
  -13.6395216       1.23147595       6.26260614               0
   5.64609385       5.75029278      -5.82680416               0
  -13.5976524      -9.94075203       7.65550423               0
  -3.00331211      -9.03599930      -11.8262768               0
   13.8540564       7.94563913      0.668550014               0
  -7.37663698       13.1962872      -6.00533915               0
  -3.29722095     -0.277673006       2.52717805               0
  -8.34346676      -10.7722864       6.92480183               0
   3.13169503       12.9501038      -4.86895514               0
  -1.99642599      -10.8415947       4.43496084               0
  -11.5192642       2.88473797       9.00347614               0
  -12.1158628       4.68134499       13.2378016               0
   9.42095566      -7.99873686      -2.53288198               0
  -13.6753111       1.98980606       11.6270342               0
  -4.36370182       2.58199692      -6.81040812               0
  -5.25758886     -0.914126992       5.66467714               0
  -4.53086185      -9.33591270      -7.64085197               0
   1.01255703       11.4825754       4.83742809               0
  -10.8317327       9.49072075       8.40159512               0
  -4.23285723      -5.40880585      -12.1468201               0
  -5.05366182      -5.21979713       12.1572027               0
   10.2530136       6.95122719       12.3644257               0
  -13.7303619      -2.26276302       7.80893898               0
   12.0654821      -5.91999102      -8.61703396               0
  -13.8535709       7.89526320       10.2647724               0
  -12.7787809       12.6817780       11.3339586               0
   2.81045604      -13.5402946     -0.436903000               0
  -11.5969067      -3.74736595       2.07381296               0
   8.60399342      -7.76261806       2.38544989               0
   10.6420813      -12.0236416       10.0519886               0
  -3.01863599       2.09877205      -10.2539501               0
   7.01770401      -6.89204788      -6.34301615               0
   10.7256021      -6.96901512     -0.974734008               0
   7.58030701      -2.90184689      -10.7654200               0
  -8.74119282       4.66441917       9.21750355               0
   7.73262405       12.3401728      -13.4996185               0
  -13.0099621      -1.99842799      -10.7593632               0
   3.03921700       3.35877895      -5.40765905               0
   4.15822220      -1.17849398       7.48824501               0
  -6.37362814       1.85350394       7.69026804               0
   9.82892990      -10.7190285       8.31437969               0
   13.2937222       7.06499386       6.51857519               0
  -2.15155196      -9.34252167      -8.15658092               0
   12.4571247       3.64601803       4.33357477               0
  -7.62565517       6.16873980       10.6777029               0
   10.3334246       12.6599207     -0.646782994               0
  -6.10824013       2.24846697      -8.30916786               0
  -10.1477728      -2.59804106       8.84237957               0
   3.08272600      0.840653002      -2.33776999               0
   11.6817560      -3.87704396      -4.23779297               0
 -0.336600006      -11.5355129      -3.02124405               0
   10.6935558      -12.6112337      -11.9522600               0
  -10.8367758      -4.31249380      -8.79137802               0
   8.72167206       9.92313576      -7.13970423               0
  -6.95514917      -4.15165091      -8.65437126               0
   7.07409000      -11.4107199      -4.07431412               0
  -13.1784105      -3.99238300       10.9997444               0
   5.46390820       7.31932402      -9.21457481               0
   4.47892094      -5.92931700       12.5939074               0
  -10.6605225      -12.9035473      0.167422995               0
  -7.22631788      -12.2093735      -6.33880186               0
   7.95543718      0.412782013      -11.4892855               0
  -4.00143480       8.66915131     -0.417856991               0
   7.61107397      -10.1971388     -0.879518986               0
  -9.50420284       1.40280902       5.30242109               0
   9.62935066      -3.51027393       12.5617237               0
   11.5915079       3.43238592      -6.34979296               0
  -6.20598984      -7.15676498      -2.36212897               0
   4.42307377       4.25135708      -1.63334095               0
   7.23613024      -7.10777378      0.596812010               0
  -11.9848576      -5.54426384       6.79468107               0
  -7.78931999       2.76069307       11.5421724               0
  -11.4196033      0.312932998       6.22140121               0
   12.7447462      -7.77747297      -1.87195504               0
   6.45603323      -4.74650288       4.46436310               0
  -13.2335682      -6.70528984       1.13195395               0
   4.59737015      -6.17477083       7.25579691               0
   5.37081385      -10.8617678     -0.480572999               0
  -9.34614086       6.08489084      -12.3130293               0
  -11.5358753      -2.29854894       10.7104998               0
   3.66690397       12.5798120       9.99109840               0
  -12.1647654       8.17822742      -10.0562277               0
   6.51376486       10.0019970      -6.41880512               0
   2.28351593       5.23284292      -2.22599411               0
   9.82159615       7.98655176       8.76599789               0
   12.7869978      -1.99651003      0.404076010               0
  -8.12825966      0.510321975      -11.4521170               0
  -4.34422207      -6.10174990      -9.89677143               0
   8.19592381      -6.57301092       11.0503826               0
   4.70718193      -4.69336224     -0.741634011               0
   3.35455894       1.03111196       4.80710007E-02           0
  -6.12031794       4.26665688      -3.18190098               0
  -4.26644182      -7.77353907       4.64714718               0
   8.86717319       9.21745682      -9.37354946               0
  -6.87871408      -11.1606236       10.9718904               0
  -8.50785923      -4.12479782       9.41992855               0
  -9.43934727       4.77025223      -8.37766361               0
  -9.90644646      -8.01927090      -9.78172016               0
  -9.59937763       1.44913602       12.1322327               0
  -8.07440281       11.7370214       13.3646021               0
  -5.61649179      -7.82502699       10.0989017               0
   2.96267009       1.53822803       4.00889301               0
  -4.40271807      -4.55156517       5.01510096               0
   4.47994614      -13.7463102      -11.8341846               0
  -12.5500708       8.22153473      -12.4013596               0
   7.56670904       9.93861198     -0.414559990               0
   4.17183924      -4.21281481       10.9192314               0
 -0.361564994      -13.6451616      -11.0500898               0
  -4.51157093       3.26946712      -11.6040363               0
   7.19304800      -11.5290871      -10.7462111               0
  -1.35969496      -10.2342701       2.21940303               0
   13.6495247      -3.97856903      -5.54432678               0
   12.1102514       2.27483892      -12.8517504               0
  -10.0703526      -10.2695589      -7.12397718               0
   3.40450001       12.0991163      -7.06758595               0
  -11.2231703      -1.94307601       5.39586401               0
  -10.3994274       9.58911896       10.7824802               0
   8.85301590      -3.19583797       10.3085022               0
  -5.76147318      -11.5143347       3.75048709               0
   4.47343493      -9.03591156      -4.60136986               0
   2.49886489      -2.32613707       3.45374393               0
   7.38038588       11.1569061       9.50106621               0
  -8.89855099      -5.14936209       4.95887184               0
   13.8341122       11.6489153      -10.7870007               0
  -2.62565088       13.8509436      -11.5314655               0
  0.110237002       12.1472597      0.769141018               0
  -8.32543278      -3.99737096       11.7860165               0
  -8.09760189       6.95053387       3.41928196               0
 -0.842108011      -3.63296199      -12.4288807               0
  -4.49968576      -6.62894106       8.35878372               0
  -10.7552042      -11.3378468      -1.65259004               0
   13.7535295      -13.3847141      -6.37000019E-04           0
  -10.1132421       2.95139599      0.755478024               0
   7.61351299      -4.11363411      -3.15251803               0
  -6.22326183      -1.01565003      -2.91199303               0
   2.33499193       10.4138041       6.67975092               0
  -5.47148895       13.4685116      0.760227978               0
  -9.02861500      -8.71671581      0.347732008               0
  -8.53593731      -1.72201598       2.88607311               0
   6.64783478       5.76114511       11.2098522               0
   8.85300255      -8.49791431      -6.35562420               0
   8.33274746       5.74619389       12.8036900               0
   4.51458883     -0.581654012      -3.64915395               0
  -6.13690186       1.66008103      -9.55600012E-03           0
   6.59686184      -4.83390093      0.605262995               0
  -6.76049709       1.41566801       2.35378695               0
   13.4827871      -6.06994009       6.45985413               0
  -12.3937225      -3.23147011      -12.7772427               0
   10.4308901      -4.66274309     -0.807914972               0
   6.53023291      -8.71514034      -13.5465736               0
   6.82699299     -0.283499002     -0.363732010               0
   11.9156723       13.2918787      0.973127007               0
  -6.48895407      -9.68573380       2.57056308               0
  -3.31932211       13.5677891       3.91667891               0
  -13.7577944       3.29581904      -6.65933180               0
   9.25644207      -11.3456154      0.357185006               0
  -13.0932798      -11.8497038      -11.8631268               0
  -13.1057043       2.90830207       4.63402319               0
  -7.22731876      -3.07519889      -3.10340500               0
   5.09766483       1.98522902       11.4653206               0
  -5.14394903       10.4825182      -1.34160995               0
   6.84703398     -0.889712989      -9.87282467               0
   9.93124580      -9.16274166       12.7493439               0
   9.35353374       12.3616257       9.03940678               0
  -11.3417320      -12.3252983       9.12899017               0
  -7.64877605      -7.53748512      -6.35974789               0
  -4.39365292      0.930791974       6.82367277               0
  0.367747009     -0.487634003     -0.388987988               0
   8.90676308       11.9995890       6.69824600               0
   9.45569897       12.7959433      -9.67626572               0
  -5.74932003      -5.20515490       6.97990894               0
  -2.41942906       3.81037498      -3.84740400               0
  -6.81554317       11.7461891       1.61860299               0
  -12.0083981      -9.80551147      -12.3364115               0
  -11.7125597      -3.25912309       7.21830177               0
  -4.34256983      -12.0005436       7.40935802               0
  -9.69503593      -10.3778744       12.8220921               0
  -13.4328833       1.38024104      -7.93612814               0
  0.490222007      -11.2992048       1.25028098               0
   1.53577304       13.5717936       3.72486210               0
  -11.9233541      -4.04654789      -4.62203407               0
  -1.36316502      -13.0470448      -7.46054220               0
   11.3354111      -13.2840128      -4.53498077               0
  -1.94892204      -10.4581814      -10.2938728               0
   3.40288997       10.5133820      -2.09000897               0
   5.77275419       13.6701031      -2.01203990               0
  -11.3620272       10.7993498      0.996111989               0
  -7.32601881      -1.75533199       6.39509106               0
  -4.63686609      -8.95304394      -13.5424776               0
  -5.76206398      -10.5009336      -3.53069305               0
  -3.48474097       10.1696529      -4.93933916               0
   9.37708092      -9.37487507      -8.53423691               0
   12.2064199       5.07481003       2.53727102               0
   8.91881084       5.94610786      -3.51865792               0
  -1.00057495      -6.76804686     -0.191450998               0
   12.4458237       3.51904893      -2.72322989               0
   9.40365601       12.1440487      -7.48118305               0
  -2.34103394       2.27997303      -8.00596333               0
  -6.67303514      -12.3076200       7.64985800               0
  -8.86144161       11.8112402      -1.63120902               0
   2.80859804      -12.0790339      -8.09150600               0
   8.03786564      -1.96056294      -4.04969406               0
   13.1682158      0.824141979       9.83395386               0
  -10.4060993      -3.93792200      -1.22955704               0
   4.96458578       11.9814072       4.16143322               0
   3.95801091      -1.48572195      -7.57231617               0
 -0.327459991      -2.77789593       7.29112291               0
   12.4078083       4.90833616     -0.873997986               0
  -9.14018726       9.93474007      -13.2299337               0
  -11.1887331       1.26422799      -8.59294796               0
  -10.4377213      -12.7166739       13.0891409               0
   13.6371040       6.95098591       2.79466796               0
 -0.296388000      -6.11817122       5.25151682               0
  -7.97514200      -7.60170507       10.5397787               0
  -3.19407392      -13.7569571      -1.85577798               0
   5.21503019       9.92092896       13.5300093               0
   13.1306801       13.4528837      -9.37839603               0
  -4.95399380      -11.5641146      -6.79565096               0
   13.4020500       9.26388359       12.1427364               0
  -8.71205711       3.92028689      -13.0316992               0
 -0.160428002       7.91338110      -5.69879723               0
   11.8607664       6.63006496      -13.6159286               0
  -12.4398966       5.90520287       7.18833399               0
  -12.7458248      -11.4730034      -2.89324403               0
  -8.35924053      -9.46725178      -13.0757618               0
   13.4817524      -13.3869905      -5.40106010               0
  0.984616995      -4.57911110       6.54751015               0
   13.7033081      -10.1487808       4.08188295               0
  -11.3355141      -8.35307980      -4.64992285               0
   8.63167381       11.6900024       2.52425790               0
  -3.69212699      -11.5929260      -1.09938705               0
  -2.74327993      -1.78888595      -8.60964584               0
  -4.54109621       6.42271805       4.90799618               0
  -11.3771629       13.6998463       7.41994905               0
  -8.45685959      -6.37896299      -2.85916996               0
  -2.05415702      -1.40102100       4.20122623               0
   13.3203983       1.37515497      -9.98933411               0
  -1.28160298       4.12601900      -1.88527501               0
   11.2688389     -0.324948013      -2.48021793               0
  0.563324988     -0.328931004      -9.17449760               0
   12.0511732       4.87589884      -4.63366222               0
 -0.443906993       3.37016511      -5.05142212               0
  -12.7569904      -9.00116062      0.665759981               0
   4.29469299      0.208032995      -5.92430878               0
   4.04810476       2.71497107      -3.41657805               0
  -11.2371407      -6.04266691       2.25016689               0
   7.94635582      -5.14468288       9.24820137               0
  -13.1418600       6.11752510      -9.32735443               0
  -11.9055300       12.0639076      -12.0672436               0
   4.65446806      -5.05121803      -12.8557405               0
  -5.03694296       5.38407612       8.46333218               0
  -6.68566608      -3.30519795       8.14627457               0
   9.73304367      -5.31969881       7.62772703               0
  -13.3311863      -9.89349747       11.7225990               0
  -13.7664881      -6.38900805      -12.2852221               0
   9.33314705      -6.98520899       5.99872589               0
  -1.64903998      -8.64715672      -1.40048206               0
   7.41859722       9.37508297      -2.69397998               0
  -5.92629910      -2.02588606      0.250831008               0
   9.09540176       2.87181211      -1.62759805               0
   7.39409685       1.93621898      -2.95187902               0
  0.894649029       13.0876827      -1.16855299               0
   13.1574125       8.36586761       4.56634188               0
  -1.27307105      -7.53589106      -12.1276646               0
  -13.4897385      -11.3405724      -6.24630022               0
   9.29937458       2.72509909      0.702234030               0
  -2.65346599      -5.34610605       9.02976131               0
  -5.93706608      -10.8430185      -1.21672702               0
  -13.7112732      -5.90250778      -1.22327697               0
   13.1911573      -11.6758404      -1.46162605               0
   13.2511911       5.12579918       12.7895384               0
   6.54320383      -7.88041687      -11.2906055               0
  0.866734982       11.9978018      -4.77912188               0
   8.19285583      -3.87035608     -0.873278975               0
  -4.39501381      -12.8529634       2.28141689               0
  -4.31274509       2.69492412      -3.12632704               0
  -3.85187697       8.66426182      -6.68771219               0
   1.12490702      -3.75234795      -13.6949072               0
   5.59363317       11.7457113      -7.78539610               0
   3.41280508       8.29743862      -5.68811703               0
   12.6184216       12.5533857       6.03050613               0
  -4.60376215      -1.54504097      -7.16359615               0
  -12.2579994      -13.5879211      -13.2163668               0
   9.78416729      -2.56043100      -11.3756351               0
   3.37688303       2.25199795      -11.7338905               0
  -11.8043680       4.72930002       5.30823708               0
   11.0100508      -7.63390112      -5.80272722               0
  -8.09113407      0.427412987       6.94613123               0
   2.24377489      0.324443012      -12.5936441               0
   12.8266516      -3.69451404       9.30614281               0
   13.0505629     -0.365538001      -6.81569386               0
   10.0955696       2.72062492       11.8554716               0
  -6.23281717       4.03548717       6.91701412               0
 -0.443282008      -8.97199631      -13.8100853               0
  -5.69674492      -4.51971579       2.95532107               0
  -6.28251123       7.39508200       13.8428669               0
  -1.68259001      -1.41567099      -12.4489126               0
  -1.60967004      -13.0609179       5.21465302               0
   9.82829666      -8.10149002       10.7066689               0
   8.33863544       12.6346970      -4.32197094               0
   11.2883482      -13.2087736       2.86913204               0
  -3.73078108       6.56277418      -1.37052095               0
   6.53475189      -3.60142589      -12.7250996               0
  -6.41816711       8.37960434      -4.17303085               0
   3.61673403      -2.63970709     -0.920358002               0
   4.15999222      -7.54069424       1.71835601               0
   10.3174143      -5.36651802      -5.53163624               0
  -6.92239189       3.73887801     -0.925626993               0
  -8.58492470      -5.22308016     -0.620037973               0
  -13.5476160       2.65214801      -11.7009974               0
   13.7417545      -3.15906000       13.1048183               0
   10.4636707      -9.93012333      -3.37479806               0
  -2.12039995       11.4296741      0.946669996               0
   4.34562492      -11.7096748       12.8232851               0
  -3.06561089      -1.13053203       13.2555952               0
   11.2652636       5.85863686       6.56571722               0
   5.30398703      -9.74804306      -8.33199310               0
   11.0688286      -11.0569544       12.0888186               0
  -10.5999079      -13.4520750      -4.75361109               0
   10.8551044       6.21947002       10.1768312               0
   3.70269608      -9.42581272      0.391847998               0
   12.4828968      -11.2871265      -12.5776339               0
  -7.01059723      -13.1863499       9.85946274               0
  -2.13981700      -5.07643700       4.25880814               0
   9.47465038       2.14166689      -8.56536961               0
  -11.2176781     -0.269257993     -0.223602995               0
  -9.72896099      -2.12424898      -8.68028736               0
  -8.60139656      -12.6747561       1.16214001               0
   13.8388414       10.9454823      -1.80829000               0
   10.9690056       5.67859793      -11.5782785               0
   11.4740705       11.1692896      -2.22172189               0
   10.1240644      -11.9573994       6.32393503               0
  -10.8700037      0.929270029       1.75769401               0
   7.96817923      -10.3314648       13.3167067               0
   9.37087917       8.25284767      -3.49591208               0
   9.67366409     -0.175567001      -8.03939629               0
  -6.01164818       5.60835505       12.3914576               0
  -4.20909500      -5.31691408       1.24190402               0
   1.47715104     -0.118987001       3.28568602               0
  0.992303014       12.5840073      -12.1354094               0
  -3.58391309      -1.48047304      0.480848014               0
  -2.97031999       10.9390230      -9.01709175               0
   10.7788706      -7.85695887      -13.2129784               0
  -3.94983101       1.72175896     -0.984735012               0
   6.60112286       2.36419606       13.3835344               0
  -12.2324677       13.5118341       3.53635311               0
   5.31482315       5.53237104      -13.0509424               0
  -6.21938181       12.7329073      -4.01011181               0
  -6.45869303       5.85489988      -6.97670794               0
   6.56542921       3.52889109      -10.4645615               0
   7.44662714     -0.598824024      -7.64344311               0
   11.8757658      -7.25940019E-02  -12.8172789               0
  -13.7017803      -2.44923806      -1.54425704               0
   3.71067691       13.4739609       2.92311406               0
  -7.51266623      -3.57630706      -5.36938906               0
   6.35286713      -11.1790333       11.6941757               0
   12.6483030       7.33473587      -1.24720204               0
  -7.25078297     -0.393871009       10.3827906               0
  -9.00907040       1.51134205      -3.05950403               0
   9.06073380      -4.05249119      -7.10518217               0
   5.77806616       9.31956768       1.02359605               0
 -0.753081977       9.94562626      -2.19449496               0
  -6.15393686       9.78967381       4.78550196               0
  -8.44306374      -13.6674871      -13.8063583               0
  -6.04692698       8.04910946      -6.43891811               0
   5.91845798       12.5806522       10.7123690               0
   13.4319496      -7.69547081       11.4273796               0
   4.62934208      -1.69280005       2.61316609               0
  0.211177006      -6.55864716      -10.6452732               0
  -3.03267097      -6.68765783       2.84946799               0
   5.44243193       7.89046097      -6.83888817               0
  -6.50170183       5.99698877      -9.40896893               0
   13.2460823      -4.47483301       4.67527199               0
   12.9218845     -0.950366974       12.9741821               0
   7.12007093       8.87157822       4.68701696               0
   9.43719968E-02  -10.3061638      -1.00110900               0
  -9.16570091       12.6846161       7.57537508               0
  -6.11161804      -3.14750195       12.1255808               0
  -9.95116234      -10.4638882       8.65308475               0
  -12.8856258     -0.763954997       9.44633389               0
  -10.5976810      -5.07832623      -6.40403509               0
   6.71875095       11.0062923       7.25332022               0
  -3.06999707       12.3403597      -5.55872393               0
  -7.45765877       4.40327311      -5.27702379               0
   12.2859211      -12.8792124       6.71393013               0
  -9.33255863       9.39475536      -7.62251377               0
   2.23483396      -8.90194893       4.09898281               0
   8.72718620       3.55249596       13.5432634               0
  -9.63553333       3.80959797       5.39734793               0
   8.70326614       10.3528910      -12.7514219               0
   8.21695423       12.0563688      0.271210998               0
  -5.68900299      -2.16517401       9.97267342               0
   5.57542276       7.05337477       8.03521538               0
   4.11400604       12.6467381      0.793785989               0
   13.6297970     -0.474359989      -2.68288112               0
  -10.5388069       10.0909109       4.62216902               0
   8.68347073      -13.6545334       5.58523178               0
  -6.27078819      -10.5623789      -12.8662853               0
  -11.0788507      -6.69726706       12.8672171               0
   7.35413218       6.63151693      -13.0770512               0
   11.7740088      -9.21613407       7.88897800               0
   11.1211662      -3.38727498       4.66520691               0
   5.03457117      -11.8921804      -7.31937790               0
  -6.53749323       3.68551803       2.93778205               0
   7.48566294      -9.97862244       8.48947525               0
  0.853963971      -1.79789901       12.7619286               0
   10.4648256       10.1309519       2.26934791               0
  -9.14564323      -9.13189983      -5.35168600               0
  -6.35319090      -9.95670035E-02  -7.98674917               0
   11.4377804       10.5384159       11.8412743               0
  -6.86986113      -2.82729411      -10.5834398               0
  -11.6798487       5.98372698      -12.5799961               0
  -10.3415308      -8.48573112       5.33786392               0
   3.58737111       10.6164637      -10.6782455               0
   7.77954006      -13.3120975      -2.88176489               0
  -3.28352308       11.6405659      -11.1982508               0
  -12.6863050       2.14839697      -4.84723902               0
   13.3312626       12.7489367       9.60323620               0
   3.86237001      -3.34937501       6.20277405               0
   13.0506811      -6.90479803      -5.66972303               0
  -3.85420799      -8.43896389       2.23573089               0
  -12.3062849       7.32882786       12.1483803               0
  -5.58124781      -12.9414949       12.8218870               0
   12.2741146      -4.81561995       1.75831401               0
   10.4904909       4.58295918      -9.33366299               0
   8.09037113       6.94857502      -7.76896715               0
   11.7233152       5.93561220      -8.40007782               0
  -12.3534098       8.05546379       10.0727720               0
   2.36467695      -12.5489559      0.618484974               0
  -8.37852383      -4.12155581      -8.14416313               0
  -8.54587555       4.05893517       11.3905134               0
  -8.76558399       2.98040700       1.45437706               0
  -2.86367893      -10.7627020      -2.05942702               0
   11.5219736       6.20185089      -5.17637491               0
  -2.89354610      -9.03587246     -0.655251026               0
   11.7698669      -8.11765480      -7.02122784               0
   4.41442394      -7.26827383      -2.11493397               0
   5.02535295      0.561649978      -12.6463795               0
   7.08758879      -7.20497704       7.60021305               0
  -12.2991304     -0.931840003      -5.41504288               0
  -11.7206764       5.88007116       10.3401518               0
   2.34031105       13.2268009       7.59799004               0
   11.0476980      -2.84423590       1.64253998               0
  -6.68383217       10.8168879      -6.87394524               0
   6.31944609       7.27222490      -4.29695320               0
  -10.8081913       3.06105089       10.3231220               0
  -5.86235714      -5.60410213       10.9249353               0
  -10.2190990      -3.27799606       2.40779305               0
  -3.68526697      0.768573999      -10.1170416               0
  -8.62247372       3.16444302       9.37232494               0
   12.7672510      -3.49963403      0.544656992               0
   9.06813431      -5.74920082       11.9705448               0
   3.75958991      -5.83160400     -0.452919006               0
  -4.65052414       13.5533524       4.62548590               0
  -1.03077197     -0.935214996      -2.52509993E-02           0
 -0.529191971      -13.5506077       4.28986406               0
  -3.64428091       5.17033291      -8.04019833               0
   11.4657869       10.3881741      -6.95937395               0
  -1.27614903      -13.1890354      -4.60769892               0
   5.48200798      -3.50312090      -9.66015339               0
  -5.12215900      -12.9098892      -12.6801348               0
  -6.40406799      -7.92340279      0.475484997               0
  -6.88660622      -13.1562548       3.69785094               0
  -1.34654295      -13.5125732       2.39863896               0
   2.90543509      -4.98649788       1.75609303               0
  -4.79341888      -9.82052040       5.89330578               0
  0.984090984      -8.75849056      -10.2759733               0
   4.75897121       5.75677776      -4.58344603               0
   9.44434834      -7.11670685      -3.74545598               0
  -10.1486330       4.89208794       9.68875313               0
   10.8157997       13.7218122      -12.5634661               0
  -3.99834394      -7.54374313      -9.70368671               0
  -12.1661549       2.51307797       3.51971793               0
 -0.684518993      -2.16189504       5.98071194               0
   13.5255899       5.01898003      -4.95551920               0
  -3.18333602       7.54741478      -5.98767900               0
   10.9738483       5.37949610       5.15584421               0
  -7.37199593       10.6690931       4.98467112               0
   4.77758980      -1.49580300      -12.7459793               0
   7.67417192       5.04083920      -8.45011044               0
  0.830830991      -4.77825785       1.97067106               0
   12.6734123       9.69285297      -5.47980213               0
   7.43092489      -5.81347609       13.3321848               0
   11.5770350      -6.23348713       3.14044690               0
  -3.92193890      -8.52822495      -10.7915306               0
 -0.438890994       11.8242464       5.12517595               0
   10.2786598       5.29045296      -3.69720411               0
   11.0182400       4.54823780     -0.372150004               0
   1.47662497      -6.52963495      -11.4959908               0
   9.90773678       9.90452671      -13.5491982               0
  -4.42847490      -8.50874519       9.57800001E-02           0
  -2.22776508       6.66168594      -4.82646322               0
  -7.38911390      -10.4314957      -8.50367260               0
   11.8743143      -7.48558378       1.69753098               0
  -10.5565062       3.44167209       7.96000290               0
   12.6972342       4.32217884       5.66858578               0
   8.21146107      -10.7576265      -2.14186597               0
   9.66961193       7.93259001      -9.21884918               0
  -1.73997402       10.8523474      -2.90945792               0
   6.24199581       7.91646385       3.96763110               0
  -13.5816736      0.972481012       3.77156496               0
  -7.45120192      -3.31068611      -13.4763622               0
   8.34509277       9.53750038       12.8605413               0
   9.59193993      -13.1414146       13.4878836               0
  -4.36225080     -0.551868975      -10.9530268               0
  -10.0619268       6.76868677       9.17054081               0
  -1.50269997      -9.66822147       5.22473907               0
   7.69388103      -3.94261003      -9.70431900               0
   5.40865993      -7.41835213       7.17884302               0
   5.29027987       2.04235911      -3.96107006               0
   9.21098232      -5.91906500      -4.67547178               0
   10.3117590      -11.9870691       12.9732761               0
 -0.406857014      -1.27254605       13.4153261               0
   4.16299009       9.40536880       4.05166912               0
  -10.2105837       12.3477640      -9.51034737               0
   11.2240858       9.69181824      -8.98535728               0
  -9.53604984       4.58948898       2.39745808               0
  -8.18494701       9.71836185       6.85707378               0
   9.05661392       7.98191786      -11.2943163               0
   6.56114197      -10.4067554      -3.07889199               0
   6.27247000       2.68689704      -2.28032494               0
   9.22638512      -9.18727684       9.87882042               0
  -11.3252401       5.42360878       2.43770695               0
   13.5934763      -7.65631199      -8.33528805               0
  -1.64231801      -9.21799988E-02  -1.91000605               0
   3.08784699      -1.58461297       6.50020123               0
   5.13318110      -4.96801090      -2.16789603               0
  -4.84562397      -7.38637114       11.3289213               0
  -6.83760500      -11.4616804       4.84701014               0
  -9.24526215      -1.97511101       1.57659495               0
   3.72491002       11.1554708       4.39595890               0
 -0.891848028       12.9904451      -3.26176691               0
  -11.3915062       13.4197159      -9.00066853               0
  -12.7193947       3.08608294       11.2500696               0
  -10.4477978       1.05279601       10.9548588               0
   12.0169048       2.08114696      -9.75970173               0
   3.03675699       13.7978935       5.84131098               0
  -11.0184584     -0.685600996      -3.99197602               0
   4.46240008E-02   3.47377491      -2.19525290               0
  0.653752983     -0.829132020       5.79209089               0
   10.5938911      -7.06545496      -10.6252966               0
  -9.90655994       12.5161819      -8.06151104               0
   6.06269598      -7.99878788      0.939010978               0
  -3.86644101      -9.13819790       4.08645201               0
   8.93970203      -4.74574423      -3.46494007               0
  -2.48436689       9.36928940      -4.14124203               0
   12.1163473       13.8466053       3.94704390               0
  -11.7487392     -0.377627999       12.4014320               0
   10.9065962       2.26373005      -9.03036880               0
   8.90046692      -7.50840378      -9.77481270               0
   7.82122421      -13.0926199      -13.0375748               0
  -2.55469298       6.46747780      -7.14959192               0
  -3.70333695       2.79605198       2.23526812               0
   5.71775913       7.05661821       3.27514696               0
   4.94228697      -6.30334091       1.38213897               0
  -7.47954512       11.7471571      -8.73096561               0
   10.6846666       6.56811714     -0.710213006               0
  -5.66215515      -8.55740070      -10.7025681               0
   12.5279779       6.18505621      -3.42534208               0
